50637
62464
59818
4202
47292
34387
38627
58638
39605
27817
54157
34791
19237
11746
62723
39529
7075
15686
40076
49454
15855
30250
40214
63328
35225
22543
6084
18216
48113
56683
28549
26421
30458
37926
13821
1281
34806
58955
30818
13025
61875
59313
18571
26339
64129
10888
10526
13855
1944
64813
14825
58758
26778
30651
61269
36823
47841
7052
33706
61022
12092
45720
40684
23004
33314
5313
20602
53326
47167
32156
221
19996
56332
62120
34881
37698
52948
43047
56166
8599
21725
26249
31670
26399
33524
15196
62332
18392
38997
37792
33759
42189
44121
37468
55981
50105
53379
43350
12628
12902
54996
19365
55275
42143
40662
58928
38477
31161
809
2480
56521
53657
29231
2189
52670
1731
12475
59672
17466
52717
55796
59073
8466
20919
5552
19173
2784
13585
47959
58398
5456
11965
50262
4548
19550
50706
64330
15617
14247
56213
15869
47428
5216
63730
17634
45044
47298
43422
7293
48743
64817
17014
4384
56949
50521
53520
36138
43291
43293
23907
64077
56308
4559
4199
53480
42604
57072
10823
45694
50715
15855
22840
22171
2947
62815
63772
43488
60790
36102
61946
20021
18874
17439
23179
36560
2563
60913
8841
17419
54379
34029
59531
22275
13129
30169
46935
60739
14645
27117
53399
28190
55287
16309
26013
53110
13279
12800
19418
64411
48439
6616
24837
55010
55060
44807
39908
61140
8739
35343
16778
16331
64415
1332
38110
42370
32787
30757
44706
28885
2030
26076
14414
36390
1212
15813
8924
34177
51694
11112
26079
7440
53056
61978
33166
20775
36246
1885
12725
51204
11700
34471
9786
37873
53934
26261
593
33208
38085
45604
35779
62680
1200
52008
12803
23454
53100
46444
42922
5262
24508
40597
37482
35259
61671
48590
39884
46812
48660
59951
55954
387
59243
1845
28540
37101
24975
30434
47771
20974
10811
59402
5854
50286
60655
4300
2559
8271
57882
40906
11738
28833
43294
3654
18415
60051
5961
6304
29213
2994
58024
50511
28499
19698
58500
52107
13813
26607
41992
19842
62035
3655
27309
40412
48125
25017
20878
51197
35742
41860
17690
56852
43490
13391
46081
27110
30133
45060
35514
32108
34506
23749
53058
45439
33520
17842
64633
17045
34829
50119
31363
32991
33559
19767
56741
63859
50517
40951
4077
21713
23987
35774
5942
37601
19291
9238
45504
29046
19064
12521
45876
48846
27333
38203
37688
43414
39789
46356
29103
51755
3821
54969
27614
22731
40619
5374
13550
29069
56970
53914
48129
17389
14310
9585
18139
59513
26244
26297
53619
22134
62476
52870
1486
36006
38258
42969
35806
40624
33713
31644
23336
39889
23689
23899
47169
32238
47899
61986
31363
51667
24813
37222
31583
48430
28952
3772
52304
50197
18113
62104
43841
6609
55293
40320
37672
34473
17762
36260
10259
59732
13935
40759
53051
59020
25241
5742
15593
42544
14302
53992
8072
56291
59584
37252
53587
37712
26312
18472
58596
58929
27170
45065
48311
9925
50486
5084
46819
23522
59929
39284
56532
38816
57864
65139
20286
38307
37540
12214
43265
48672
15351
10192
27704
44380
45945
5026
56306
28827
15726
10843
53026
63445
42465
53429
30224
43724
40605
15347
26640
30533
38606
41107
51919
6256
34153
10429
62525
17517
9976
10199
33648
3936
19738
51469
53460
21223
18178
26380
33319
41101
31205
49366
34820
1242
46055
56305
22675
10890
65207
60528
43679
47411
65071
30804
38133
50060
42479
56219
56491
57114
5303
42283
33196
58382
8137
8447
38811
8257
57853
452
4813
63107
62406
2478
2339
58170
43338
61463
42458
54197
21583
34121
41433
48647
30497
18607
59402
48849
40521
42208
23317
28800
9934
49571
44940
10034
8313
7089
30649
42308
13571
44444
54455
20833
41167
39496
34793
1878
54739
47329
8237
3069
63502
45496
50123
12701
35460
13272
13115
49241
1629
10735
26063
40159
49665
19353
59417
33312
13749
23373
35129
63474
58602
19028
1998
15426
47428
10512
13766
17731
35966
39616
23502
48375
47911
44856
44473
45025
35314
53983
4524
11686
46115
37869
51119
18865
53734
31663
8036
30441
15166
12697
6648
52097
22019
42159
55062
11291
46413
31796
350
65297
21756
37693
8525
56587
28402
39289
6547
45651
44933
1858
58635
6092
54671
41215
37301
62064
24298
40871
64849
63428
46637
56946
58260
54369
16479
57998
48076
55914
41822
15712
55484
16408
1590
20044
24793
46425
58769
15202
29798
2709
18069
41356
8484
38045
41836
55942
19908
10851
19793
14910
18801
64373
16918
37699
8802
63815
36111
1039
53615
15582
22421
12917
60551
17726
18895
61608
13975
25763
60308
58628
38347
27126
23934
23793
51311
62671
11586
28754
29266
52068
50492
6149
42957
36537
14123
48004
3422
53563
64616
63902
39639
39424
62494
23364
29744
62022
2211
5934
32748
7994
47766
50840
6236
30198
32861
45026
39336
22314
48697
14564
38681
20911
50087
55612
9916
58031
2394
2606
12062
61085
5444
53016
47174
15071
19090
29769
29478
46102
16462
35641
33235
44009
25826
20600
54055
59863
64729
61866
28250
6318
23287
22177
60106
58536
21611
28844
7605
55364
57460
52280
8130
30514
56643
27617
3703
14778
38493
24164
65289
20483
49578
11253
8243
40408
47637
6167
62492
17698
11996
21771
19064
41411
55429
531
27070
36007
62788
6016
56606
34972
59723
19
8168
35114
55822
26618
57013
60840
4126
60308
34522
8218
22611
36035
9769
52096
9409
49663
15235
34614
22110
14289
40169
4186
3121
63773
21931
5569
41423
13855
44834
19066
57303
45599
5277
60721
56217
30244
20458
29507
55816
37041
39725
15467
56104
51337
8032
33419
268
28873
55402
30667
30241
18292
12572
16161
37996
4919
28242
8083
2189
49673
43392
46253
21078
7722
25679
38259
3941
58099
59568
53844
50503
31778
46941
4434
42446
2578
16991
63685
60500
14612
26139
64644
47989
64171
20894
43429
47795
31402
27443
55818
26855
37035
53342
7545
7534
5606
13504
27048
56514
43241
31336
16506
28767
37278
35772
58050
64303
18793
60384
31236
36304
6789
35470
64368
61179
57355
39844
44417
61034
2759
13886
61234
39468
8000
2587
5886
41297
11367
35319
57373
2577
39315
64837
212
16015
51936
18629
48269
53507
48684
11038
54033
22581
64956
46548
19102
28259
16798
934
43142
22724
21283
26504
6648
48023
20389
25634
26792
12252
9882
50737
58306
43781
7072
56674
24750
43060
